{
'MM1':2.950743083480802,
'MM2':87.30889268123539,
'MM3':67.59908783738364,
'MM4':125.77669046154864,
'MM5':155.34928682899218,
'MM6':62.36284336977169,
'MM7':7.545844159956544,
'MM8':71.33000559285131,
'MM9':124.9001948224001,
'MM10':18.132920927087046,
'MM11':46.3527477430465,
'MM12':50.98596600668273,
'MM13':66.66064194214339,
'MM14':86.40336876193786,
'MM15':96.57475773013766,
'MM16':240.2206315284622,
'MM17':82.22125369040376,
'MM18':106.50210161660053,
'MM19':100.57871340132112,
'MM20':141.18880456717528,
'MM21':81.31000249280909,
'MM22':59.68113097980955,
'MM23':50.74263160633089,
'MM24':149.29244794647153,
'MM25':24.317835261991554,
'MM26':84.7733426912969,
'MM27':78.76839676204389,
'MM28':145.7659862810295,
'MM29':95.67498581867653,
'MM30':149.9038262061004,
'MM31':78.42372089407408,
'MM32':17.844683621306878,
'MM33':74.94711000039517,
'MM34':218.87671945448986,
'MM35':61.12032036389536,
'MM36':120.8546688233139,
'MM37':137.01238047355812,
'MM38':55.17572855073827,
'MM39':74.894863661718,
'MM40':37.89465682542846,
'MM41':137.10943877728192,
'MM42':124.98250308849188,
'MM43':89.73453063040455,

}