{
'MM1':1.4303968349123366,
'MM2':65.96918985539408,
'MM3':43.95179367580342,
'MM4':80.01864293998247,
'MM5':111.38900778304438,
'MM6':33.90593199586779,
'MM7':4.016327991917911,
'MM8':47.80621374864129,
'MM9':82.87181907854313,
'MM10':11.324260831959766,
'MM11':35.66834384587744,
'MM12':41.67399592142131,
'MM13':50.43615539219345,
'MM14':64.9270444351821,
'MM15':77.35780827425255,
'MM16':194.93434221762985,
'MM17':46.99019079318765,
'MM18':62.524956794393724,
'MM19':58.70609985789331,
'MM20':87.73467232168588,
'MM21':52.373811953847394,
'MM22':32.03620092954938,
'MM23':27.770582239258463,
'MM24':105.75329241414485,
'MM25':3.7956692691809693,
'MM26':50.47355899295115,
'MM27':49.1243988956294,
'MM28':90.9500355748186,
'MM29':56.659473858304196,
'MM30':108.6034546922157,
'MM31':56.870763724163155,
'MM32':11.580855392283746,
'MM33':52.79569070423377,
'MM34':171.18405613908928,
'MM35':44.68240067022499,
'MM36':77.71819587230576,
'MM37':100.16830968882743,
'MM38':33.080552401706,
'MM39':47.1754537006189,
'MM40':18.536994727372637,
'MM41':84.5164622900276,
'MM42':77.15509627789174,
'MM43':51.58132872234873,

}