{
'MM1':2.582966024636299,
'MM2':73.98691007592946,
'MM3':54.30290720024975,
'MM4':99.94601903922222,
'MM5':129.5716523215343,
'MM6':42.10615135083282,
'MM7':6.3383756690795305,
'MM8':57.97520479865459,
'MM9':96.74830698653841,
'MM10':15.433109458354403,
'MM11':40.348232041445456,
'MM12':45.478890881566414,
'MM13':57.082997128019045,
'MM14':73.0649617192084,
'MM15':84.07615257709035,
'MM16':206.5523416407805,
'MM17':60.70468073388068,
'MM18':81.0719162129082,
'MM19':75.72254487109048,
'MM20':107.71092348979414,
'MM21':64.49206923317446,
'MM22':45.124537693688865,
'MM23':38.92755322303635,
'MM24':120.69052056653989,
'MM25':19.73148101347337,
'MM26':65.6112214038416,
'MM27':62.50684736919787,
'MM28':112.14942383345974,
'MM29':73.29396839569424,
'MM30':120.91920259895804,
'MM31':64.66431619600729,
'MM32':14.749957043501817,
'MM33':61.53158022564541,
'MM34':182.8749226978672,
'MM35':51.08064348747828,
'MM36':94.26170753259811,
'MM37':113.14867832446728,
'MM38':42.55938120503636,
'MM39':58.164012154441046,
'MM40':27.54295433920942,
'MM41':103.77627579190711,
'MM42':95.70419084945547,
'MM43':68.09309202248325,

}