{
'MM1':1.1914889114725284,
'MM2':52.90006394288863,
'MM3':33.21612140095089,
'MM4':59.88620831119274,
'MM5':87.93721979026918,
'MM6':21.61347693905167,
'MM7':3.190230004398788,
'MM8':36.6014878206089,
'MM9':60.36065296399717,
'MM10':9.13143500243709,
'MM11':29.52837539565249,
'MM12':35.54153471633497,
'MM13':40.94803817801099,
'MM14':51.95255520141902,
'MM15':64.0443668341597,
'MM16':158.97739083095254,
'MM17':32.589074534882016,
'MM18':44.68236584793167,
'MM19':41.567900435446205,
'MM20':62.863049205603964,
'MM21':39.04855087016787,
'MM22':22.73894471191661,
'MM23':20.00214674250724,
'MM24':80.47474649745415,
'MM25':2.903472091525072,
'MM26':36.685293671087564,
'MM27':36.64766909939753,
'MM28':65.70229355600564,
'MM29':40.752944088718365,
'MM30':82.60294308571167,
'MM31':44.3444877105761,
'MM32':9.03463685410721,
'MM33':41.04808080569349,
'MM34':135.26689233728402,
'MM35':35.35353928662558,
'MM36':57.16402845778497,
'MM37':78.413541204001,
'MM38':24.021294686824533,
'MM39':34.43650857065809,
'MM40':12.66696953313055,
'MM41':60.06868029834846,
'MM42':55.60264062743644,
'MM43':36.77263455525333,

}