{
'depots':{11:(10.0, 20.0),12:(20.0, 30.0),13:(30.0, 10.0),},
'targets':{1:(10.0, 100.0),2:(20.0, 40.0),3:(70.0, 80.0),4:(30.0, 40.0),5:(20.0, 50.0),6:(90.0, 30.0),7:(50.0, 70.0),8:(80.0, 30.0),9:(30.0, 70.0),10:(80.0, 90.0),},
'tours':{1:[11,1,9,11,],2:[12,2,5,4,12,],3:[13,7,3,10,6,8,13,],},
'dwell_times':{1:24.848033507195996,2:20.214006410966086,3:15.270167014812042,},
'vhcl_no_to_depot':{1:11,2:12,3:13,},
}