{
'depots':{11:(10.0, 20.0),12:(20.0, 30.0),13:(30.0, 10.0),},
'targets':{1:(10.0, 100.0),2:(20.0, 40.0),3:(70.0, 80.0),4:(30.0, 40.0),5:(20.0, 50.0),6:(90.0, 30.0),7:(50.0, 70.0),8:(80.0, 30.0),9:(30.0, 70.0),10:(80.0, 90.0),},
'tours':{1:[11,2,5,4,11,],2:[12,7,3,10,1,9,12,],3:[13,6,8,13,],},
'dwell_times':{1:20.183971009603237,2:15.259209872543002,3:24.818915300065093,},
'vhcl_no_to_depot':{1:11,2:12,3:13,},
}